13/2/2018 15 134 69
5/11/2019 13 149 64
21/5/2020 16 130 44
13/2/2018 21 154 33
15/2/2020 25 133 55
13/2/2018 29 156 44
15/9/2019 22 137 23
21/5/2020 27 242 80
18/5/2020 17 220 27
23/4/2018 10 212 5
19/1/2021 25 170 36
5/8/2020 12 153 51
1/6/2019 27 220 97
24/1/2019 22 205 6
1/3/2018 16 101 72
30/5/2019 17 144 38
11/3/2019 17 138 8
8/1/2019 27 217 80
19/1/2020 16 191 9
21/4/2020 21 192 44
31/5/2019 15 104 52
28/1/2019 26 223 51
22/1/2018 27 166 12
3/7/2018 18 159 25
9/2/2021 29 173 75
31/1/2018 28 214 29
20/4/2020 28 242 93
9/10/2019 12 168 81
28/5/2019 17 165 10
19/10/2020 26 135 100
1/1/2021 26 148 28
9/5/2019 16 108 85
22/4/2018 15 235 56
7/8/2019 10 119 24
2/2/2021 28 230 5
12/9/2019 18 132 20
15/1/2020 10 233 35
2/5/2018 29 200 52
23/12/2018 29 148 44
13/1/2021 16 153 20
18/10/2019 25 240 81
10/9/2018 25 246 58
11/12/2018 12 245 58
5/6/2019 17 159 73
25/2/2021 28 180 90
24/2/2019 19 169 33
7/10/2020 19 141 24
9/10/2020 14 201 69
20/6/2019 18 235 85
30/3/2018 12 149 41
14/12/2018 26 101 85
5/12/2018 23 197 19
14/2/2019 16 106 22
25/12/2018 25 137 57
26/12/2018 22 198 34
10/11/2018 20 128 49
7/1/2018 29 159 62
18/9/2018 24 217 98
5/7/2020 14 188 92
11/12/2018 16 185 54
20/3/2018 29 122 82
18/1/2019 28 100 8
25/8/2019 28 225 77
7/1/2021 16 168 49
22/12/2020 11 227 81
15/4/2020 15 173 67
12/8/2020 17 248 39
11/1/2020 21 241 99
21/6/2019 10 212 97
1/4/2019 25 117 59
21/8/2019 25 159 68
12/4/2019 19 136 3
12/3/2018 19 107 59
24/6/2019 26 248 41
31/8/2020 20 155 52
3/2/2020 16 249 90
22/7/2019 29 157 14
22/8/2018 26 145 59
19/5/2018 23 101 81
17/1/2018 19 124 10
28/1/2019 16 121 7
16/7/2019 16 210 38
18/12/2020 21 175 72
5/12/2018 15 103 99
20/2/2019 25 136 59
30/9/2019 26 248 65
5/10/2018 16 122 85
9/6/2019 21 101 41
7/8/2018 20 100 82
1/2/2018 24 114 74
24/7/2020 14 190 82
19/2/2018 14 204 31
19/1/2019 12 134 38
15/6/2019 10 108 73
5/4/2018 24 121 72
17/11/2018 17 234 99
17/9/2018 17 176 57
24/3/2020 29 234 82
17/10/2018 23 162 78
23/4/2020 19 148 58
8/1/2020 26 215 50
8/3/2019 21 182 2
3/8/2020 20 171 45
4/7/2019 10 155 5
26/3/2020 13 120 36
9/9/2020 18 172 49
6/2/2019 28 208 71
28/9/2020 16 158 20
9/10/2020 13 108 6
4/3/2020 11 129 99
20/9/2019 10 199 32
21/11/2019 27 236 8
15/11/2020 15 125 99
22/6/2018 26 147 60
12/1/2019 14 144 88
5/9/2019 16 211 89
31/3/2020 25 110 96
23/9/2020 29 163 37
2/7/2019 19 197 79
5/5/2018 23 175 48
28/2/2018 15 105 61
20/9/2020 14 163 23
15/11/2019 21 166 69
24/2/2021 19 142 14
23/4/2019 14 244 56
11/5/2018 23 114 50
29/4/2018 26 146 97
8/5/2018 21 241 23
7/11/2018 15 110 61
3/9/2018 10 135 80
15/7/2020 22 186 64
12/1/2021 24 237 5
31/8/2019 18 169 57
2/4/2020 19 169 71
14/12/2020 28 243 42
29/8/2020 15 134 16
14/2/2019 29 117 35
4/7/2019 24 205 85
28/5/2020 17 186 14
12/6/2020 17 181 34
22/3/2019 23 241 19
18/5/2020 11 155 41
20/1/2021 20 127 22
9/1/2019 11 164 35
10/2/2018 20 128 46
2/12/2018 28 132 83
11/12/2018 17 106 53
12/10/2020 27 231 2
22/5/2020 13 192 8
26/2/2019 16 133 37
10/8/2019 12 202 10
12/5/2018 29 134 56
27/7/2020 20 199 77
10/6/2020 14 187 8
5/3/2020 22 175 27
7/2/2021 25 157 38
9/1/2019 22 109 64
3/8/2019 24 104 96
24/6/2018 25 164 83
7/5/2018 24 136 56
16/7/2018 19 233 21
4/2/2020 14 106 55
8/7/2019 15 224 57
7/9/2018 14 164 89
17/8/2020 27 230 58
29/12/2020 25 224 91
7/8/2019 26 126 2
3/8/2020 24 218 83
22/4/2020 21 105 51
19/11/2018 17 241 66
29/8/2019 20 226 33
24/11/2020 23 241 74
11/2/2021 10 223 58
17/8/2018 25 218 67
5/10/2019 14 195 60
30/1/2020 28 125 65
26/10/2019 19 210 40
21/1/2021 15 146 81
30/6/2019 28 177 98
20/5/2019 11 164 96
5/6/2020 24 105 64
9/4/2018 25 211 42
8/10/2020 20 114 70
15/10/2018 23 140 49
7/7/2018 15 151 14
28/9/2019 26 186 65
28/12/2019 21 145 87
5/3/2018 20 212 36
9/10/2020 28 141 75
11/8/2019 25 224 83
5/6/2020 19 143 30
19/6/2020 28 129 30
10/11/2019 28 217 38
30/1/2019 21 175 58
17/1/2019 29 236 38
19/6/2018 10 221 21
28/4/2018 12 250 1
21/9/2020 28 180 87
13/2/2019 23 209 13
11/1/2021 23 234 48
31/3/2018 24 120 15
29/10/2020 18 156 87
6/7/2018 11 157 99
15/4/2019 11 114 37
28/8/2020 16 205 50
2/4/2018 23 199 31
5/6/2020 14 102 19
20/3/2020 25 230 93
23/5/2020 25 238 53
6/2/2019 20 226 49
24/2/2021 15 205 32
23/1/2018 11 236 60
21/1/2018 11 196 83
6/11/2020 10 108 67
16/2/2020 24 239 59
3/8/2019 20 244 60
10/9/2018 12 125 10
30/6/2020 17 131 43
27/7/2020 12 222 48
11/2/2020 27 166 10
27/6/2018 26 141 21
5/9/2018 19 171 39
19/3/2018 21 240 42
6/1/2020 19 248 35
4/2/2020 23 212 20
29/5/2020 19 161 45
7/11/2020 10 183 99
31/8/2018 16 177 10
22/1/2020 29 227 49
22/6/2018 20 185 28
4/1/2021 10 217 99
4/5/2020 17 217 35
7/8/2020 12 213 34
8/8/2018 21 242 42
4/10/2019 16 100 99
17/5/2019 13 228 64
21/1/2018 11 247 16
13/10/2018 14 205 34
27/10/2018 13 139 79
9/1/2020 24 176 10
23/12/2018 23 113 38
29/6/2018 13 128 27
29/6/2020 17 132 39
25/1/2019 16 106 60
21/8/2018 17 207 98
4/7/2018 27 131 82
31/7/2018 19 220 30
20/1/2018 29 219 96
11/9/2019 28 219 61
12/7/2018 11 199 42
21/8/2019 10 250 30
1/1/2020 23 168 95
23/9/2019 21 108 91
31/5/2020 14 111 87
13/10/2020 21 161 13
7/1/2020 28 230 66
20/6/2018 20 187 24
20/1/2019 10 166 91
6/9/2019 18 208 54
27/1/2021 13 125 23
22/3/2020 29 102 25
24/8/2019 13 172 60
9/3/2019 18 115 55
6/2/2018 20 162 92
19/1/2019 25 215 29
3/8/2019 29 127 61
3/8/2019 25 206 43
28/12/2018 15 159 17
12/2/2021 27 139 88
13/11/2018 22 245 64
21/6/2020 12 161 51
25/10/2019 20 213 73
8/2/2018 10 199 90
9/2/2019 26 101 48
3/2/2019 15 144 36
13/6/2020 26 120 68
25/9/2020 10 115 91
25/8/2019 10 165 18
13/3/2019 27 208 39
16/3/2020 16 113 97
5/10/2019 25 155 43
13/5/2020 29 190 42
31/8/2018 29 225 65
8/5/2019 11 173 70
22/9/2019 21 107 79
15/2/2020 28 141 23
13/1/2019 10 193 65
31/7/2018 29 249 89
31/7/2020 15 216 76
12/6/2020 26 231 27
17/8/2020 16 191 11
2/7/2020 17 246 78
14/4/2018 20 185 52
5/8/2020 19 152 69
27/9/2019 26 182 84
24/10/2019 21 147 74
27/6/2018 15 172 71
18/3/2020 17 188 80
11/7/2019 17 130 50
4/2/2020 16 145 61
7/6/2018 23 198 27
15/12/2020 24 131 31
2/1/2021 19 196 64
18/10/2020 15 100 64
18/3/2019 21 161 43
20/7/2019 17 156 63
15/8/2020 26 216 30
17/1/2021 20 142 22
3/8/2019 15 223 90
4/5/2019 24 177 63
12/7/2018 27 179 69
3/12/2019 26 160 53
14/7/2019 29 186 58
12/1/2019 21 239 69
20/9/2018 17 101 68
13/12/2020 28 197 25
2/10/2020 16 145 96
7/2/2021 28 184 78
4/8/2020 15 245 34
15/6/2018 23 107 22
30/6/2018 20 233 3
1/4/2020 26 148 13
8/6/2018 22 159 96
11/3/2020 19 218 10
21/12/2019 26 122 20
12/10/2018 11 151 42
8/4/2020 19 215 42
11/4/2019 21 126 27
29/9/2020 20 139 77
7/2/2021 17 150 35
24/8/2020 20 143 31
7/2/2018 14 174 89
16/12/2018 29 139 43
23/12/2018 22 245 1
4/9/2019 27 130 37
30/10/2018 12 117 24
23/10/2019 11 245 66
27/5/2018 25 112 31
5/7/2018 29 173 74
17/10/2018 15 163 6
4/12/2018 15 176 39
31/8/2020 23 202 15
25/8/2018 28 119 48
22/8/2020 24 215 75
1/9/2019 24 122 36
27/5/2018 11 236 76
6/8/2018 20 107 24
1/1/2018 28 157 97
20/9/2018 14 242 68
2/6/2019 21 157 92
16/1/2020 28 155 76
3/8/2018 27 115 63
31/7/2020 21 156 82
13/11/2019 20 101 75
25/12/2019 10 230 83
25/4/2020 13 102 10
19/4/2018 13 144 5
19/1/2021 20 207 73
20/2/2019 17 166 68
22/1/2021 22 192 10
22/8/2018 16 237 17
19/8/2018 27 246 2
9/1/2021 28 153 43
11/2/2019 22 147 82
23/11/2019 18 209 29
30/11/2019 27 114 4
12/11/2019 21 240 91
11/10/2020 13 187 92
14/8/2018 10 236 76
5/6/2020 12 141 57
25/6/2020 11 177 60
8/2/2021 15 176 24
4/1/2019 28 114 84
7/12/2018 21 215 8
23/6/2018 26 120 92
10/3/2019 14 122 2
2/6/2018 24 185 10
19/1/2020 17 198 57
30/4/2020 11 167 21
15/2/2021 14 131 96
1/10/2019 19 234 12
27/1/2021 28 198 96
5/1/2020 10 128 60
16/1/2018 26 198 74
23/5/2019 28 222 38
9/8/2019 22 246 71
19/3/2018 10 238 41
5/8/2018 22 236 12
12/1/2020 22 207 17
16/5/2020 22 117 94
18/10/2019 21 241 68
16/12/2019 17 226 54
1/6/2020 13 118 82
6/10/2020 25 230 81
16/7/2020 18 174 92
28/4/2019 24 239 93
30/1/2018 28 189 97
21/5/2020 11 213 88
12/4/2019 21 243 13
3/9/2018 15 240 9
19/11/2019 17 217 59
4/6/2018 14 187 94
28/8/2019 12 186 58
30/6/2020 18 154 36
16/2/2018 17 156 39
28/12/2018 16 207 92
22/5/2020 13 212 53
7/7/2018 23 159 3
16/9/2018 24 168 57
17/7/2019 17 153 19
8/4/2020 26 128 55
30/1/2019 29 123 52
22/1/2020 22 209 41
4/11/2020 10 190 58
11/11/2018 23 139 65
16/12/2020 29 215 60
7/10/2018 25 173 9
26/6/2020 22 181 77
17/2/2019 28 199 47
2/11/2018 13 101 13
27/12/2020 24 110 30
17/4/2019 27 242 91
25/9/2020 22 117 13
16/3/2020 21 104 85
1/6/2020 19 181 7
25/7/2020 15 100 57
23/1/2019 17 103 91
23/5/2020 14 154 22
6/2/2018 17 104 32
2/11/2019 15 225 87
11/1/2020 13 152 2
17/2/2020 23 214 15
4/5/2018 13 182 92
18/12/2020 24 202 57
1/7/2018 10 112 9
20/6/2020 27 244 24
24/2/2019 28 117 40
17/1/2018 18 148 74
18/6/2020 13 142 39
3/11/2019 21 117 60
12/5/2019 28 104 73
11/4/2020 13 110 59
23/4/2018 16 131 11
3/1/2021 24 154 41
21/10/2020 23 224 18
13/12/2020 26 176 9
9/9/2018 28 111 91
4/11/2019 29 212 69
3/5/2019 28 140 95
19/7/2018 10 118 70
9/3/2020 20 151 24
18/11/2018 21 190 29
28/4/2018 22 231 56
18/1/2021 24 159 79
8/1/2018 12 149 80
7/11/2020 24 247 20
29/1/2021 12 189 51
14/1/2021 28 101 83
25/2/2020 22 135 49
21/6/2020 23 208 87
18/9/2020 23 141 29
1/5/2019 15 152 94
12/3/2018 23 188 25
21/5/2020 28 208 58
31/5/2019 16 185 3
3/8/2019 10 243 74
19/4/2019 21 151 63
8/11/2018 27 192 85
9/11/2019 11 184 63
3/6/2020 23 119 8
18/10/2018 13 133 49
26/4/2018 20 162 37
16/6/2018 10 127 2
22/7/2019 18 140 88
27/12/2020 12 140 64
19/3/2018 19 139 13
19/3/2020 24 175 10
27/9/2020 23 229 30
17/4/2020 22 160 87
18/4/2019 11 140 99
24/7/2020 26 134 87
30/1/2021 18 142 43
6/9/2018 28 233 86
13/4/2019 20 216 98
4/4/2019 15 172 51
26/12/2018 24 110 100
28/8/2020 14 212 49
24/7/2020 12 113 20
8/2/2018 12 179 58
15/5/2018 22 101 61
5/12/2018 26 182 76
27/2/2019 24 243 54
29/1/2019 19 142 71
8/7/2019 27 180 31
22/5/2020 17 201 3
27/10/2020 24 215 2
16/3/2018 26 136 48
3/1/2020 17 225 1
14/6/2019 21 220 59
11/1/2018 16 182 89
17/12/2019 17 245 3
24/4/2018 13 174 88
21/3/2018 21 153 77
20/5/2020 16 106 81
14/2/2019 26 179 18
1/4/2020 13 188 30
